version https://git-lfs.github.com/spec/v1
oid sha256:61c97d7363ba7c5db684c269d88105be0ecf25f7352622cca5db7fe0a168839b
size 271269
