version https://git-lfs.github.com/spec/v1
oid sha256:f938f16c5097d208bee53026059445f050c268b8bc8f75a6d853f6ebc6b3584b
size 307568
