version https://git-lfs.github.com/spec/v1
oid sha256:560bc9e6a683001e514ca23eb60653b781088b41198b69659fa40e4cd15569ae
size 962
